0 492.286408364 -11.457742479
1 483.748420732 -12.4084684773
2 418.269827327 -9.84485775484
3 494.221186446 -11.5940773626
4 451.163591194 -10.6323619275
5 474.993321989 -11.3772034792
6 487.348304949 -11.2624929964
7 502.719934002 -11.9695355673
8 458.003088911 -10.5255126477
9 431.479505039 -10.4641959186
10 474.855596141 -11.1912342788
11 445.622273165 -10.498470252
12 402.724897186 -10.064297482
13 438.444335935 -10.2592751264
14 373.641270853 -8.95124586379
15 447.489660528 -10.5982560718
16 478.966805249 -10.7692603529
17 454.170903237 -11.0763318349
18 520.530427274 -11.944870321
19 515.788011447 -12.1544088399
20 458.554569721 -10.9771692432
21 429.674619131 -10.2710009045
22 452.148589479 -10.4912306713
23 424.976582888 -10.0524478733
24 489.796155994 -11.70582171
25 490.876404145 -11.7551730493
26 455.098610787 -10.271908565
27 477.691644684 -11.0439726806
28 501.400243782 -11.3775091236
29 500.632651957 -11.9500868238
30 478.556736035 -11.2385990184
31 484.233979137 -11.2613047648
32 484.624560273 -11.1984039921
33 533.264894245 -12.4325912992
34 563.771254857 -12.9468515774
35 446.813236175 -10.4899695976
36 520.046541054 -12.1372576994
37 453.476688398 -10.53217163
38 427.348555205 -10.2142519747
39 500.020665273 -11.6282657826
40 477.422278796 -10.6829337955
41 543.690223052 -12.4618132932
42 429.229928039 -9.92787438609
43 476.708318757 -10.9536834666
44 435.545102681 -10.0665110209
45 486.817836154 -11.391029245
46 469.887272666 -10.879833796
47 502.914301876 -11.4005073525
48 502.128200192 -11.5683781267
49 467.317858171 -11.0541410734
50 428.751404495 -10.1127451519
51 473.580693469 -10.984747503
52 485.971035992 -11.2352662955
53 420.347715617 -10.0304911967
54 434.904934559 -10.15481425
55 493.913463987 -11.4751375237
56 502.779427345 -11.6034239023
57 432.751028708 -10.2020381882
58 470.802891628 -11.1100521891
59 465.225423584 -10.7989760706
60 459.126660792 -10.640664151
61 428.774358516 -10.1351888436
62 488.008671343 -11.3087667503
63 422.722155719 -9.5911695601
