0 585.903407024 -12.8585229643
1 508.722870923 -12.6544210515
2 636.729009653 -14.244527846
3 562.234053288 -12.9800108353
4 558.34620731 -12.6059207823
5 549.4542182 -12.3842036248
6 482.818749563 -10.7505600531
7 523.472422469 -11.9170793769
8 605.437358464 -13.7735981191
9 625.023160245 -13.57362304
10 None None
11 502.34416649 -11.4302240396
12 534.603714897 -12.898569792
13 571.578084271 -13.261238615
14 561.021608534 -12.6912286023
15 515.214976673 -12.0874733033
16 508.07247799 -10.7740185962
17 570.559366051 -13.0242720387
18 570.098604254 -12.3968713778
19 589.917600416 -13.5881511668
20 564.799790482 -12.2833067584
21 577.749307846 -12.6782853414
22 554.172435526 -12.6554548241
23 549.920595425 -12.9444373919
24 619.286740259 -13.9908495024
25 519.761485429 -11.9920239402
26 466.972116575 -10.3453778102
27 530.999063607 -11.62224891
28 577.670440823 -12.7064377104
29 692.236721673 -14.9711562733
30 633.486050976 -13.9614442013
31 556.475262991 -12.8148972059
32 623.184096498 -13.9955902984
33 580.733419185 -12.8965295011
34 587.062177957 -12.9599890148
35 472.341678045 -10.6008998388
36 604.503198681 -13.6560201814
37 603.264037153 -13.6625926091
38 610.387800492 -12.8009290199
39 591.307562722 -13.2028456014
40 595.516565256 -12.8740161079
41 607.415052487 -13.132932823
42 546.400472875 -11.9416404211
43 615.258041586 -13.34155323
44 501.568145491 -10.7934736001
45 553.816794564 -12.0098071102
46 524.013077983 -11.4181432453
47 701.406474623 -15.3199545143
48 561.389146923 -12.0774587353
49 704.71245605 -15.312032015
50 557.706597 -12.398692459
51 619.173063671 -13.3492237055
52 624.912714979 -14.1444268835
53 635.421938438 -13.8410630577
54 597.869948885 -13.3013937712
55 559.710969199 -12.4584293656
56 556.925626759 -12.1930295725
57 588.522094886 -12.9571135987
58 596.541226105 -13.5453619013
59 631.668501969 -14.1166677884
60 598.819305101 -12.9915967557
61 616.603588304 -13.3540133031
62 536.762518775 -11.8898570662
63 542.938525329 -11.4173346066
