0 474.67684307 -11.4615750125
1 449.887337352 -11.9661874078
2 457.834262936 -11.2883419154
3 439.909206632 -10.6611094373
4 484.096473017 -11.4125959685
5 474.904775555 -11.5755639702
6 446.297692067 -10.4608680946
7 529.520487512 -12.813319492
8 485.534968905 -11.9004219101
9 510.272587719 -12.2103491356
10 502.99035439 -12.0840496849
11 414.706581951 -10.1002711359
12 518.950907167 -12.9560117728
13 479.15028529 -11.3832771409
14 534.753006877 -12.4514870208
15 521.026218167 -12.6307314567
16 566.990425592 -13.0472176974
17 476.323015033 -11.344241058
18 484.036845656 -11.5554828724
19 468.666713074 -11.3901768039
20 530.556948106 -12.5731985628
21 435.06172472 -10.4630282628
22 544.537356142 -13.1573933688
23 483.449069968 -11.7242863524
24 509.320782169 -12.3445798369
25 515.319033909 -12.5502644082
26 524.290860187 -12.0579451158
27 527.770788897 -12.235459419
28 453.185191985 -10.3089671529
29 511.980158454 -11.9626450552
30 489.682540419 -11.6128543326
31 496.256133698 -11.7452851564
32 475.415221014 -11.4088399687
33 412.383024725 -10.1610386409
34 478.125540989 -11.2584014093
35 476.489833197 -11.6659807732
36 532.410318484 -12.3290929223
37 508.990410197 -12.1098918005
38 551.827865732 -12.8429724452
39 465.436810117 -11.2186101339
40 501.739741016 -11.572625155
41 509.140050646 -12.1058515313
42 440.085226815 -10.1934602899
43 439.234633232 -10.4230720077
44 481.164899834 -11.3038219817
45 498.689322663 -11.8439114964
46 527.214149294 -12.2770286216
47 478.280152893 -11.4186191815
48 585.520436167 -13.5383032286
49 485.279055688 -11.4244058119
50 443.688626274 -10.2799134961
51 497.241413606 -11.6970814846
52 561.256994895 -13.0743017805
53 419.645509197 -10.3709000832
54 514.831565154 -12.0682520308
55 464.045602447 -11.1838173219
56 509.685909569 -11.5836596079
57 502.580450853 -11.8154249096
58 461.378634629 -10.9313054846
59 509.038273208 -12.149544632
60 503.727352417 -11.8885083547
61 517.73399786 -12.2578720859
62 502.430592912 -11.9564898575
63 531.621858995 -12.2699504368
