0 570.34767712 -11.8752228639
1 523.091948777 -11.6526798643
2 528.516651836 -11.4467085792
3 493.21020669 -10.6981545414
4 483.074141932 -9.75737426744
5 533.526520955 -10.8356390988
6 474.447524411 -10.1726533018
7 529.345380586 -11.726259687
8 521.041721473 -10.9314328637
9 572.798693572 -11.9102416059
10 493.034938202 -10.1219234932
11 524.974986069 -11.5688984843
12 539.699288816 -12.3071690642
13 555.269587036 -11.6486390234
14 475.076949436 -10.4379304968
15 529.101854233 -11.3608517455
16 None None
17 518.369663363 -11.352569732
18 503.789799847 -10.9060295795
19 559.394925756 -11.1431609251
20 571.983773525 -12.1377693296
21 588.921669356 -12.0782429789
22 531.413360835 -11.3194451408
23 649.686026586 -13.3383054117
24 474.947181105 -10.4425727974
25 482.771532098 -10.5934229508
26 529.092586057 -11.3383343699
27 505.280938266 -10.6246758438
28 584.794500838 -11.9327107234
29 584.68737168 -12.6327445438
30 562.653651041 -11.1918792411
31 551.664382957 -11.7600660922
32 467.548566267 -10.0855752225
33 510.820772569 -10.8006300607
34 491.047608821 -9.62618258023
35 469.519815071 -10.0141310261
36 533.10798164 -11.3386138464
37 655.418940708 -13.3429928851
38 570.913364474 -12.2888944199
39 537.177081488 -11.5694486835
40 550.784022161 -12.0221141763
41 563.345294333 -11.3656169194
42 513.621140917 -10.5191490261
43 525.918613951 -10.7407649947
44 481.060286408 -10.4160384822
45 592.712118737 -12.7098021289
46 558.498532914 -11.3586826511
47 479.82623318 -9.92412573214
48 565.244050075 -11.606724686
49 458.5525788 -9.62646767375
50 508.979162191 -10.8623272411
51 438.366520399 -9.52266914839
52 528.534287294 -11.2698130912
53 526.970321027 -11.3994235805
54 534.282570858 -11.1652859298
55 541.405752114 -11.8331014012
56 492.551395731 -10.9203398706
57 559.420946337 -12.2440037694
58 568.821736121 -11.8745959985
59 579.167236264 -11.8214884725
60 496.395437768 -10.1263274774
61 719.99005891 -12.0191166056
62 501.018715716 -10.0890013229
63 526.309446889 -10.7651588319
