0 469.881250899 -13.1033463262
1 419.228564746 -12.7985814581
2 482.431411729 -13.8223793359
3 468.096653569 -13.1220345524
4 489.668216164 -13.5049492203
5 446.554704233 -12.7587887063
6 420.308075883 -11.7726690431
7 400.592491365 -11.663695223
8 501.309708577 -13.5623939468
9 462.017175742 -13.0478130843
10 507.426076398 -13.6263164472
11 430.774128644 -11.9098914699
12 457.560971088 -13.4942234879
13 403.540826392 -11.3761267639
14 500.594961267 -13.9012885938
15 458.725013801 -12.6726443151
16 476.676920029 -13.1972606047
17 461.18537942 -12.4991274868
18 468.108684431 -13.1569928224
19 589.13537649 -16.3374240923
20 472.548182818 -12.9262087736
21 550.635619253 -15.0774768885
22 429.157272915 -11.7522621171
23 495.774294257 -13.6579329712
24 440.237686607 -12.377864953
25 405.404898727 -11.6440513986
26 473.702392551 -13.3333926093
27 440.819717828 -12.3637789709
28 438.677503959 -12.0812489163
29 453.541268701 -12.5877911792
30 444.349284205 -12.1972211195
31 473.968511919 -12.6088208531
32 532.074591103 -14.5229658426
33 416.560666184 -11.5188830195
34 452.69990725 -12.6306489399
35 479.224369643 -13.7367405956
36 483.876000934 -12.8863669402
37 491.987791112 -13.6754395609
38 469.118180926 -12.9179914705
39 419.974981086 -11.7617264784
40 491.705128692 -13.6008619958
41 453.678055957 -12.5737234644
42 418.437777577 -11.3971216678
43 484.925149879 -13.2991450971
44 442.47322951 -11.7000801031
45 439.974769644 -12.4412933316
46 460.635985557 -12.5140590795
47 420.842271568 -11.4654728625
48 468.16989558 -12.5257232851
49 402.992169445 -11.1711458463
50 483.099738678 -13.1808246818
51 449.191947315 -12.6883899898
52 460.194173361 -12.945735496
53 408.082815605 -11.5011893855
54 461.689204502 -12.7792034169
55 486.377450716 -13.2098491293
56 445.619413354 -12.3827913925
57 519.362473336 -14.1985347245
58 398.476385813 -11.0233783106
59 454.06799025 -12.1823662178
60 408.435835142 -11.2868306821
61 488.711462169 -13.4306393743
62 405.497648897 -11.3441099451
63 424.007558676 -11.6146597712
