0 551.282622863 -11.7069558179
1 595.241441075 -14.0702057652
2 577.147944784 -12.5289969736
3 656.184432376 -14.0526848034
4 575.99774615 -12.3793461689
5 580.046296818 -12.6988076511
6 565.677194925 -11.6588145878
7 553.397773311 -11.8529173052
8 665.872787815 -14.222941739
9 630.423228839 -14.014608459
10 569.77938162 -11.9106999087
11 640.742320549 -13.5733941617
12 631.631217311 -14.0231873106
13 579.110315828 -12.2786191964
14 675.211438882 -14.4707605843
15 671.867208103 -14.4862545882
16 640.682451914 -12.2594995097
17 657.683607659 -14.6037884007
18 550.378797577 -12.0290167194
19 542.94269396 -11.4721439535
20 660.706818731 -13.7740197946
21 593.562344988 -12.3929193285
22 631.651700067 -13.1743805794
23 620.962863344 -13.3029526272
24 636.832419778 -13.8844113147
25 593.509652811 -12.6031894507
26 588.096934167 -11.8872440785
27 579.59246834 -12.422511578
28 641.067348809 -13.766887217
29 538.04332882 -11.8215219613
30 637.298269474 -12.8187990361
31 690.004461697 -14.488221067
32 598.910934963 -12.6156308874
33 588.407423194 -12.7557476699
34 564.115108413 -12.0521791242
35 565.583384255 -11.9265123885
36 559.808760961 -11.3976682279
37 651.226313535 -14.3372553777
38 690.734773112 -14.052255517
39 602.255772289 -12.9314349474
40 638.612854368 -13.8144232815
41 680.99935906 -14.8395366082
42 546.498712713 -11.3856027759
43 605.688555177 -12.2926867562
44 603.324671072 -12.9575667435
45 563.924499932 -12.1242169648
46 569.519107225 -11.6293383545
47 601.129060773 -13.2173923426
48 557.130173338 -11.7765771567
49 536.064555887 -11.7003734069
50 661.631791961 -14.0813155974
51 577.54293595 -12.0130086071
52 597.202165824 -12.5719465545
53 542.805412111 -11.6414839636
54 621.968955658 -13.3514952546
55 575.364084346 -11.9786811099
56 673.03959773 -13.4414378866
57 721.65678432 -14.9981063076
58 664.436621918 -14.0794172912
59 600.282953404 -12.4742210547
60 552.543828997 -12.1997406302
61 519.919304053 -11.4499577307
62 557.991697801 -11.8115570956
63 631.201250379 -13.1880335274
