0 461.977669983 -11.255421117
1 432.727368315 -11.6242688074
2 448.948033481 -10.9587167553
3 475.686187036 -11.6475505779
4 470.431649152 -11.1583161343
5 514.873938424 -12.5677706234
6 470.32753796 -11.6224944503
7 450.864294861 -11.0430115393
8 480.45669565 -11.6344397029
9 434.364731921 -10.5909846392
10 443.986034474 -10.7113427479
11 394.486181773 -9.74860580864
12 454.10948529 -11.2915314404
13 416.249604304 -10.2619893973
14 471.859423564 -11.4332725923
15 566.130725797 -13.8873013386
16 521.437901534 -12.2991247415
17 466.226535174 -11.1591358828
18 437.863069041 -10.6477897639
19 478.367247635 -11.6765397133
20 480.221374058 -11.8356298457
21 510.513306825 -12.1912500344
22 421.545391948 -10.3248861546
23 443.25775771 -10.8596404811
24 436.175786644 -10.5300217648
25 460.203187029 -11.1419496801
26 541.1157106 -13.1238272852
27 473.659194055 -11.3449772069
28 567.55546522 -13.6319209992
29 481.695696335 -11.6891886224
30 494.954091342 -11.741814439
31 503.278162064 -11.9752427987
32 520.33758561 -12.5143359539
33 441.070283562 -10.5040682512
34 431.212826692 -10.5057346664
35 451.793268592 -10.8187435471
36 488.603915795 -11.4514054198
37 506.985735367 -12.1839745962
38 471.930949494 -11.2064183058
39 449.680919873 -11.0316823983
40 474.314440134 -11.4100821375
41 539.334257952 -13.0306671853
42 441.141073506 -10.5674170881
43 471.041378126 -11.4476629289
44 433.45671343 -10.4518845688
45 495.747567305 -12.1136962476
46 449.103916233 -10.9550058761
47 470.64377681 -11.3505340265
48 469.608029924 -11.447601271
49 458.097749017 -11.270500259
50 455.984246477 -10.9546926579
51 370.596368376 -9.02668120662
52 488.124988933 -11.7740761423
53 473.329347421 -11.4769250293
54 534.275775166 -12.6116241474
55 437.432620222 -10.8045502802
56 458.439929814 -11.23928142
57 443.09602919 -10.9014060438
58 471.98802851 -11.0319860477
59 428.720885572 -10.1213895618
60 495.677562248 -11.5047399597
61 454.580869888 -11.0640589876
62 489.066923608 -11.8152613886
63 515.80088468 -12.1734014226
