0 471.397509206 -9.60347979149
1 463.181932558 -10.4598450555
2 508.656546789 -10.3586122704
3 473.836371338 -10.1831281409
4 444.649424901 -9.23017051752
5 513.564337936 -10.2979179486
6 468.444015601 -9.68702309045
7 475.376739154 -9.58864476852
8 520.086701842 -10.5136994786
9 500.010970735 -10.2100518983
10 504.929794824 -10.1512504195
11 495.859367684 -10.2354655134
12 591.597632378 -12.6662219899
13 445.733522236 -9.33995003263
14 440.807785885 -8.99934555147
15 522.658067359 -10.7425424902
16 425.955569933 -8.56025853348
17 466.67943399 -9.50352924313
18 481.098525082 -9.9744756081
19 478.178487062 -9.96039878518
20 488.131237791 -10.120145955
21 463.944915845 -9.43314176843
22 450.54198815 -9.22477802876
23 539.841145264 -11.3953576704
24 484.942872361 -10.0256578444
25 424.001557697 -8.79068729527
26 453.660231373 -9.33640007132
27 490.322801874 -10.0961371052
28 432.5343073 -8.41795946672
29 444.04304299 -9.06633480999
30 515.883076048 -10.5954691278
31 478.314742053 -9.70245642005
32 429.296310435 -8.65799243306
33 454.724940864 -9.29346921458
34 459.63000687 -9.16068896464
35 510.533283769 -10.3175539687
36 407.8482607 -8.36227747299
37 595.913793429 -12.2950150607
38 494.170356651 -10.0087107738
39 449.829524902 -9.38154822512
40 399.235759293 -8.24416950483
41 463.886788489 -9.38485162437
42 413.860206906 -8.62095208824
43 497.177970039 -10.3719271447
44 446.377530699 -9.29624639611
45 367.999164128 -7.65596953364
46 445.055761473 -9.05913895006
47 499.064721567 -10.102469498
48 505.179822779 -10.260395869
49 449.025913071 -9.07486632549
50 460.201633085 -9.34501090841
51 465.529678354 -9.52359204034
52 519.470159522 -10.439256986
53 430.318003349 -8.91078276803
54 529.504211709 -10.7995838534
55 494.41232762 -10.0767938
56 520.017326297 -10.6241299186
57 421.327433257 -8.72784007374
58 473.281859546 -9.62506561813
59 511.290474052 -10.5694669225
60 499.16857254 -10.2186593675
61 479.936660993 -9.80673487487
62 453.972187294 -9.38375359569
63 463.385565658 -9.34167840729
