0 659.876299082 -14.9948841421
1 631.4282684 -16.4654025121
2 697.634263288 -16.1534039608
3 666.28667293 -15.6848274304
4 612.521021406 -14.0220630294
5 647.564270506 -15.0876587335
6 694.212751007 -16.5445296903
7 692.559542182 -16.2337718533
8 671.246510775 -15.7787260734
9 660.129486082 -15.5327646565
10 638.973990257 -14.8941660705
11 665.534900141 -15.1999187896
12 806.277896468 -19.2897717647
13 694.30382128 -16.376497143
14 591.831973657 -13.6351875936
15 698.241613252 -15.9989622902
16 620.573577076 -14.548832195
17 759.98273042 -17.2369062305
18 626.512488518 -14.4433862204
19 626.805041117 -14.639629299
20 777.223314809 -18.2420539238
21 580.638442787 -13.629731956
22 727.103216797 -16.7458301236
23 667.989614985 -15.4869378284
24 585.183728713 -13.7074375714
25 722.010893282 -16.8142326383
26 679.567097786 -15.5399818149
27 734.048663679 -16.955372628
28 620.168635826 -14.0437542589
29 678.842881414 -15.9208396102
30 678.189409231 -15.8573396775
31 679.342017604 -15.9233146417
32 731.766001889 -17.257857245
33 642.194082711 -15.0553312498
34 787.323237136 -18.0913878691
35 761.471407617 -17.3919178149
36 671.568838627 -15.3201023515
37 620.529197104 -14.4785762834
38 641.413980388 -14.8038324595
39 716.479060424 -16.3405545773
40 663.83096526 -15.4224772777
41 681.855438458 -15.8165696484
42 782.000390361 -18.221662781
43 752.600851361 -17.0654118492
44 654.290770093 -14.9912248669
45 797.188156897 -18.608465585
46 754.946322826 -17.1280955383
47 700.439320012 -16.2569870763
48 762.39727011 -17.3387269876
49 621.161697943 -14.7436341405
50 585.727992013 -13.5504894959
51 701.425996075 -16.3480544717
52 727.867409998 -16.8582448707
53 673.400420052 -15.9156658531
54 575.631934974 -13.3773425013
55 635.574707806 -14.3875259683
56 642.000843091 -15.0570954627
57 684.28516167 -16.3322563138
58 770.165374372 -17.7566028033
59 664.809363107 -15.5377633453
60 656.426635268 -15.2593387441
61 622.10356558 -14.4210101041
62 608.191049992 -14.0835167018
63 700.654288531 -15.9706295207
