0 506.000053186 -10.6032665099
1 542.285386393 -11.9707910157
2 466.978752584 -10.4491384479
3 552.891767556 -12.1887821195
4 498.327762195 -10.3550768647
5 454.809693954 -10.2029025776
6 510.703819445 -10.5179194356
7 510.145518969 -11.1353673392
8 486.573428446 -10.6363239046
9 626.96677946 -13.2927724012
10 499.284307064 -10.7793720922
11 520.569152358 -11.2013213211
12 488.114056495 -10.7050957897
13 568.903820064 -11.5388097175
14 463.766909572 -10.1309187028
15 538.987287049 -11.5964430507
16 448.599938997 -9.65070209281
17 502.174512059 -11.2035828318
18 545.097556955 -11.4646679068
19 490.925279043 -10.9575676052
20 500.651626963 -10.5893067345
21 483.006768035 -10.6523132945
22 564.635717429 -11.5638874864
23 510.82888114 -11.3164709725
24 614.907573695 -12.8799151292
25 529.04107981 -11.293664648
26 516.508667666 -11.2254520064
27 447.184451748 -9.62507666986
28 510.949602533 -10.4333341678
29 520.106348553 -10.8924898414
30 507.868162291 -10.189262614
31 490.921542468 -10.6346453507
32 502.208465666 -11.2271896602
33 568.337241302 -11.6043289916
34 578.372668399 -11.8029457387
35 489.98628266 -10.3685831301
36 536.692384789 -11.6928810926
37 510.75400613 -10.6712566528
38 450.161032351 -9.78827691951
39 446.533173454 -9.58631510477
40 479.292948754 -10.1483814181
41 429.514866977 -9.71506006702
42 484.546679563 -10.5587432351
43 495.680329805 -10.8383303136
44 498.753882695 -10.7316822791
45 544.983487765 -11.7813374372
46 507.714498485 -11.1928983681
47 486.238885921 -10.5105215181
48 500.595293972 -10.1996296895
49 430.653604323 -9.49916485774
50 464.053217048 -10.2175868927
51 488.438330438 -10.4206850516
52 488.830297373 -10.221626603
53 439.871594989 -9.75415513384
54 532.165316658 -10.8804111699
55 567.73658432 -12.2033321247
56 542.588004248 -11.3092222762
57 511.09847284 -11.2954400562
58 484.319073168 -10.3615757495
59 481.831297769 -11.0245518928
60 472.041715267 -10.4571944119
61 522.276394466 -11.1331775616
62 534.998241202 -10.9180254019
63 479.939341407 -10.1212728873
