0 505.375054343 -11.2416659561
1 496.07798769 -12.046563054
2 478.819636176 -11.5159132682
3 495.433226377 -11.4048921719
4 452.640599772 -10.4382114887
5 504.623906774 -12.0506480713
6 528.275880503 -12.367961387
7 527.299558922 -11.6446634505
8 508.290438108 -11.3918092185
9 498.018616274 -11.3982169087
10 464.287946096 -10.6256354407
11 474.125937388 -10.6407022278
12 518.338169152 -11.7083056926
13 495.758350568 -11.3209094248
14 431.655421661 -10.0959544232
15 477.04052883 -10.916473565
16 498.42421103 -11.3403787975
17 442.85389401 -10.1440411021
18 442.414475141 -10.3296649888
19 605.402780026 -14.0751367125
20 414.152168697 -9.20566215295
21 526.84010916 -11.9889889407
22 506.991937086 -11.5761374204
23 559.937456566 -11.9810637917
24 476.20316326 -10.6768592528
25 543.966985134 -11.6172930133
26 498.409331955 -11.4424603003
27 497.727685058 -11.2253576744
28 498.732953336 -11.572207426
29 471.519766549 -11.1842074396
30 452.582736244 -10.4879329078
31 520.344477143 -11.7419805179
32 489.997734142 -11.4658568692
33 562.415590199 -12.491671507
34 545.027409349 -12.1547010797
35 499.537639099 -11.1853782463
36 484.207902114 -10.8914962495
37 474.030647728 -10.9063343651
38 505.850675412 -11.5375902435
39 459.769909771 -11.161315858
40 535.649188653 -11.6845333952
41 592.84778313 -12.9033231692
42 489.993234981 -11.3132492322
43 486.761045631 -10.70496309
44 543.027455088 -12.3366273335
45 439.159761351 -10.6360712803
46 490.46948587 -11.2510983826
47 509.705857052 -11.4491557339
48 466.915131069 -10.6315959298
49 458.057263348 -10.4372933041
50 446.593907532 -10.3446883084
51 519.519603396 -11.690961047
52 546.203663619 -11.9162626767
53 503.594722795 -11.9666083837
54 424.803338973 -9.25081289214
55 484.161499334 -11.4781173397
56 450.132558024 -10.3981036119
57 459.012155073 -10.5189973435
58 535.177430418 -11.9534891316
59 500.929216149 -11.6017193613
60 473.066519174 -10.956786078
61 495.416099032 -11.4519687994
62 548.74566701 -12.032582276
63 461.338420996 -10.4250875439
