0 562.165254666 -12.552132125
1 613.852323012 -14.8648788951
2 697.135140121 -15.1330527616
3 589.663360562 -13.2309294322
4 580.085033958 -12.1973401336
5 562.610417285 -12.3949921246
6 700.597510285 -14.7990324102
7 587.366701143 -12.5445530163
8 597.662662606 -13.0064324587
9 743.440388384 -16.1107470551
10 582.159941878 -13.1043607159
11 634.079555086 -13.8693999178
12 628.049260726 -13.807847701
13 624.207581098 -13.7355469293
14 582.000465584 -12.6128611061
15 635.201959566 -13.6484150393
16 530.283498301 -11.390658832
17 554.505105618 -12.1196371137
18 624.987212208 -12.7990623509
19 558.700571816 -12.2230996545
20 601.796326571 -12.8838146894
21 716.456052257 -15.3085129427
22 705.976731883 -15.3634870205
23 546.371258494 -11.6298113886
24 559.496496616 -12.0744309038
25 641.160627585 -14.018016195
26 527.629464113 -11.5426227546
27 562.478645445 -12.1364643722
28 673.156061359 -14.2722782892
29 597.125834511 -12.762569454
30 611.487067924 -12.8177457562
31 658.668584423 -14.2932740492
32 617.219830526 -13.5201689775
33 602.01311375 -13.4723101949
34 633.913398644 -13.4383057958
35 705.949035681 -15.2958949906
36 627.174568847 -13.4506823324
37 621.198733161 -13.4529451555
38 606.711117801 -13.2151950762
39 566.546770318 -12.4732935106
40 560.532910948 -12.395002583
41 588.903099365 -13.1353701509
42 621.588528396 -13.5495916523
43 612.673950454 -13.3453844475
44 582.919778553 -12.4378012073
45 566.770831182 -11.9822012007
46 574.952558482 -12.4376981444
47 602.406340375 -13.1711898321
48 621.533019997 -13.3034296719
49 582.815347051 -12.7595177576
50 567.080950192 -12.2858465085
51 621.897805249 -13.1350828395
52 544.375240416 -11.6187118374
53 567.391494641 -12.2861279113
54 584.567092575 -12.5129204027
55 566.969446052 -12.1966089417
56 521.583958316 -11.249756167
57 591.385116207 -12.7154572443
58 572.305131165 -12.2830738448
59 592.933040203 -12.5225254472
60 614.508908592 -13.4496822771
61 591.57833542 -13.1055173038
62 608.41060576 -12.8092204075
63 572.040732523 -12.4717214461
