0 496.663754845 -10.59809921
1 629.827805624 -14.5515330615
2 494.653253847 -10.6186137552
3 519.103626184 -11.1103189318
4 550.950469737 -11.8805223899
5 573.891836363 -12.269438573
6 475.963142362 -10.4146896379
7 523.727581778 -11.0494808352
8 619.632269749 -13.7827719974
9 557.647592216 -12.1628348317
10 684.108051743 -13.2515752083
11 507.584054981 -11.1798782509
12 567.668301724 -11.0330342587
13 649.258416916 -13.4227919039
14 618.451512934 -13.7616604088
15 581.617482097 -11.5024670362
16 602.677340856 -12.5627094894
17 544.681330519 -11.8537122324
18 503.432717208 -10.546128834
19 618.755712685 -12.3790827498
20 505.573749757 -10.8475374319
21 514.842160385 -11.2722024526
22 548.508724934 -11.4460489603
23 536.183029852 -11.5133855021
24 606.43423543 -10.741611929
25 485.528976002 -10.66528466
26 494.841887036 -10.4660066473
27 611.561138783 -12.0599776877
28 1554.43050275 -88.282317374
29 501.364079345 -10.4767980824
30 508.628012801 -10.4821125983
31 543.84071722 -11.0811515447
32 625.072409126 -13.0074932756
33 652.722191407 -13.1758569848
34 528.858541562 -11.2063368604
35 535.817285436 -11.4134335342
36 551.58159858 -11.5936113338
37 634.509049149 -13.7266420212
38 623.959714749 -13.3037521432
39 490.931513821 -10.8955123461
40 613.904518312 -13.1422352063
41 489.059072633 -10.0418775013
42 544.580399379 -10.6612321689
43 577.812108256 -11.8291965187
44 554.023824454 -11.6211547011
45 625.468600639 -13.0783178436
46 567.865014202 -11.3386378585
47 561.786919758 -12.2056473133
48 593.86244895 -12.2276254056
49 612.653457824 -13.3179870078
50 579.991137856 -12.2592271561
51 566.768615362 -12.3350459089
52 556.448013223 -11.1537196363
53 571.26155211 -11.9301868248
54 502.124329999 -10.9617924541
55 548.738982534 -11.0125149161
56 630.844274876 -12.8420693422
57 498.819988053 -10.115852606
58 552.790787976 -10.84759331
59 606.539558905 -12.8151873962
60 570.840178657 -12.5143768795
61 494.326710053 -10.3155261775
62 614.573630631 -12.647637417
63 581.73029662 -12.0174354446
