0 500.516462425 -12.0700243431
1 549.389863624 -14.6006278848
2 443.385973578 -10.8493992817
3 420.152518075 -10.4985179253
4 467.071678102 -11.4132810979
5 432.872895317 -10.9459291616
6 431.140794926 -10.7881781103
7 438.659460631 -10.9794508499
8 409.086023934 -10.144057969
9 417.674382957 -10.3936928086
10 443.073423716 -10.776984004
11 432.810280472 -10.8797318092
12 461.849263312 -12.0487699182
13 456.053676554 -11.6711319249
14 448.788554992 -10.8179965834
15 481.792297166 -11.925138175
16 409.373175531 -10.2579473376
17 409.823288001 -10.1260128201
18 440.403594082 -10.8305671506
19 448.426622873 -10.9710057891
20 407.317558602 -10.2265390942
21 396.077039547 -10.181454951
22 499.216196057 -12.0146706002
23 431.528886285 -10.4260920633
24 469.946034949 -11.4741796678
25 484.191715354 -11.9310283261
26 423.117179192 -10.2659264469
27 450.480094236 -11.4571327002
28 438.022005772 -10.7608361851
29 462.680883324 -11.1897856102
30 512.243200372 -12.5850669736
31 481.559964604 -11.5509217108
32 418.725211589 -10.3160709729
33 415.87395337 -10.1796296105
34 428.931368905 -10.4473425441
35 406.577918458 -10.368628346
36 433.619743694 -10.838304817
37 405.246250865 -10.1780275133
38 439.992038203 -11.080992757
39 390.378643775 -9.98668649423
40 414.657951952 -10.1830022946
41 465.439719891 -10.9063877509
42 492.224902459 -12.0391269417
43 402.935027383 -9.84751244024
44 427.26756269 -10.807815375
45 438.284162539 -10.8089313785
46 388.653767156 -9.77140455854
47 384.191077873 -9.43131803241
48 414.983999259 -9.87837390148
49 445.113125991 -11.0518962413
50 440.214999673 -10.7744791749
51 468.760612277 -11.7235085309
52 457.073374408 -11.0314310369
53 401.876110854 -9.92200249919
54 433.709123221 -10.7313877623
55 428.870835341 -10.6367407834
56 446.517763055 -11.0835481011
57 382.443126615 -9.64701830071
58 446.742505226 -10.9637580835
59 401.121961952 -10.0938335453
60 418.019792872 -10.1355373831
61 448.724870233 -11.148400376
62 404.063188741 -10.1501374549
63 390.266089919 -9.2383334312
