0 524.883705304 -12.8326451768
1 519.865854011 -13.5345790859
2 501.056186403 -12.4555311844
3 565.066329165 -13.0505176371
4 505.942366536 -12.6250398045
5 446.258296562 -10.9823026641
6 587.422504734 -14.5801312187
7 478.402018123 -11.6159311428
8 521.867952467 -12.4108133407
9 553.252030966 -13.9747993825
10 518.173531892 -13.2223824161
11 543.143646788 -12.4763215166
12 458.060147577 -12.3274101972
13 605.599915133 -15.2651215346
14 565.140396423 -12.7144712854
15 559.96961485 -14.0575800387
16 549.92357265 -12.991668639
17 544.740849527 -12.9575230031
18 499.989148297 -11.3973856064
19 639.683727891 -15.2303637343
20 437.109248137 -11.0813101037
21 586.337870581 -13.3553673623
22 497.336308542 -12.0132439967
23 565.213311659 -14.3205782384
24 542.132546779 -13.589088248
25 520.25416507 -12.7450734016
26 500.746031534 -11.8612644934
27 465.040220699 -11.6613476845
28 510.502564997 -12.3465475243
29 469.923433684 -11.9956298248
30 483.163793685 -12.1471434939
31 440.569012003 -10.8125659744
32 472.295363668 -12.0167067239
33 464.556037754 -11.9352346782
34 511.617546761 -12.4690583353
35 597.647174185 -13.1508485923
36 507.338717425 -12.4340312453
37 516.93489561 -12.3765179641
38 492.592276485 -12.6609245268
39 480.978991919 -11.9285923432
40 525.992402266 -13.085448141
41 671.064311984 -13.2573691676
42 515.766752011 -12.320770966
43 527.459250513 -12.5065638507
44 550.191025646 -12.7543050894
45 611.199427999 -12.5101457416
46 534.144720405 -13.4207445019
47 492.518036135 -11.839622841
48 512.886787659 -13.0451997942
49 523.298589647 -12.6188619373
50 508.715234452 -12.3335328329
51 511.528578926 -12.5265825639
52 495.568450574 -11.7916264041
53 550.20831806 -14.1358332579
54 486.440611461 -11.8709293873
55 570.621474145 -12.3783252654
56 595.914484933 -13.3187351479
57 473.170904726 -11.8056832411
58 499.914927013 -12.5850393769
59 560.076554254 -13.659515437
60 500.326870765 -12.3064000408
61 480.718017136 -11.1734510106
62 593.69102196 -15.2115078067
63 528.534489302 -12.684048652
