0 381.035744247 -7.67720301635
1 357.894469241 -8.30740775663
2 335.402553269 -7.28993339629
3 389.822414177 -8.11334038267
4 391.949463248 -8.07800299034
5 361.45981672 -7.66465331232
6 395.772020502 -8.38401587075
7 380.420308813 -7.94847031079
8 358.601934674 -7.45093520435
9 414.025308993 -8.49409957133
10 368.460611121 -7.42504752141
11 455.709548145 -9.42326295416
12 391.00766418 -8.31090633758
13 411.349042323 -8.93369277223
14 408.148369892 -8.50302516747
15 375.271897531 -7.99508887156
16 407.304734525 -8.3277884027
17 385.729937571 -7.99855673855
18 394.492010058 -8.29409963322
19 384.906072554 -8.3353377559
20 347.941997626 -7.32711177516
21 409.004187219 -8.48466725981
22 400.273566296 -8.33425364998
23 377.162109018 -7.67825409803
24 314.664075787 -6.8490939823
25 404.804328734 -8.49379365871
26 361.159887445 -7.50726865854
27 467.197709291 -9.72950700068
28 398.308313219 -8.27404016468
29 381.791353985 -7.95768203346
30 393.636903839 -8.06863336687
31 382.501948853 -7.72988812092
32 396.151845714 -7.97806949825
33 427.427688412 -8.64469835742
34 396.956365142 -8.19585779166
35 353.448074262 -7.29992813969
36 396.18075583 -7.90781917188
37 429.312616883 -9.10817523555
38 387.713871786 -7.80630106009
39 416.422390273 -8.94289380448
40 403.628202206 -8.26703705428
41 391.281762534 -8.39293557169
42 386.390121329 -7.79217823944
43 402.95540561 -8.28316041653
44 399.250602966 -8.19603354006
45 354.677936207 -7.53156317909
46 390.176480871 -8.3430874203
47 370.917913458 -7.56457072738
48 363.001598032 -7.59284385343
49 378.015022776 -8.13176611261
50 344.263016238 -7.15946579061
51 384.746510694 -7.83472696995
52 438.484872946 -8.9197624053
53 397.128525215 -8.36939107262
54 380.596513465 -8.14472648571
55 388.631611097 -8.10874778738
56 347.593362086 -7.23884630976
57 411.458767285 -8.72224720845
58 397.187778004 -8.40487570235
59 425.563027763 -9.1083887029
60 408.759523293 -8.43670998954
61 401.015446067 -8.41005962012
62 360.445456893 -7.3853306741
63 393.501936552 -8.14750992896
