0 506.027124206 -11.7940704794
1 480.846026315 -12.7474846549
2 487.026753927 -11.7586009971
3 480.150520262 -11.679373341
4 531.816259403 -12.5050546784
5 529.034601275 -12.5200360743
6 524.985614098 -12.4653284975
7 601.777507567 -14.2488164999
8 592.050023441 -13.7161603682
9 536.724650683 -12.8434732818
10 462.686357608 -10.9728112061
11 518.208943145 -12.4468697589
12 489.260901179 -12.1281007398
13 504.889092794 -12.0954313704
14 498.183574974 -11.8541364916
15 481.739407355 -11.6474975086
16 532.400201745 -12.398097605
17 486.013377035 -11.7036422264
18 521.052948164 -12.2118968603
19 576.862555201 -13.2962001438
20 530.176504566 -12.9257926086
21 513.169205443 -12.555503618
22 433.549998729 -10.3581667313
23 583.098642317 -13.5800235443
24 507.6157716 -12.0760707239
25 479.592422914 -11.7360623574
26 439.950232008 -10.2501464861
27 494.954500858 -11.896625033
28 516.429368298 -11.99768288
29 483.224923122 -11.6008401328
30 540.971175284 -12.9585387595
31 466.49395499 -11.0128760501
32 455.366075448 -10.6383478364
33 486.275022609 -11.3207157036
34 488.217499712 -11.492220179
35 491.380210759 -11.6593436577
36 499.454374279 -11.3434238232
37 465.31633081 -11.138802923
38 466.556938668 -10.9007770299
39 464.238297233 -10.9589106843
40 563.13520822 -13.3458874757
41 480.900755663 -11.5525518406
42 466.730402319 -11.0242013885
43 484.176175397 -11.3058506871
44 530.073996833 -12.4072487752
45 540.528265347 -12.387639316
46 471.689953262 -11.1418350382
47 475.931843853 -11.2462148137
48 430.511470948 -10.0762779314
49 480.917464952 -11.3926946238
50 501.293614486 -11.7753830248
51 542.85021967 -12.7726894419
52 529.863259488 -12.2227733771
53 474.619907138 -11.276098736
54 541.099919696 -12.7611431219
55 565.999680333 -13.3606017327
56 495.159698739 -11.5833010922
57 554.930199523 -12.980932297
58 423.764207372 -9.95063969041
59 536.074393282 -12.7875717821
60 482.067315193 -11.4815406853
61 472.738448801 -11.2838980677
62 465.98904479 -10.6677283385
63 585.070100781 -13.7051441774
