0 441.512408634 -8.78067913441
1 439.716378212 -9.72174711584
2 435.863668783 -8.63665477427
3 338.799456911 -7.37729399275
4 440.510339901 -8.841685831
5 381.51892261 -7.82942830097
6 443.090352958 -8.76305573006
7 534.361166835 -10.6340634216
8 430.556694333 -8.96679222524
9 482.059650981 -9.31892376387
10 435.634474254 -9.55052986643
11 417.56622994 -8.15562742902
12 563.28002402 -10.5817665231
13 368.593488779 -8.04003561632
14 392.936661977 -8.61901863079
15 477.171097944 -8.90702260371
16 400.78348158 -8.59485314497
17 450.711886716 -9.44078879039
18 491.435147488 -10.2485849457
19 475.121129232 -9.86943816898
20 481.309031297 -10.1822506303
21 437.856158534 -9.45952140859
22 464.278523732 -8.74731321641
23 489.240149731 -10.0380279989
24 409.610728637 -8.55567789669
25 408.358510232 -8.61672990565
26 414.644963125 -8.39083762056
27 447.013023181 -9.67118527384
28 444.758443586 -9.55272512132
29 567.270858034 -11.5839643334
30 549.051877389 -10.4343015234
31 417.867228852 -8.5829970433
32 466.88600308 -9.65874109211
33 393.422124654 -8.318497054
34 420.283887756 -7.52443088257
35 436.452038007 -9.13524448617
36 479.865868928 -9.35795891613
37 450.766631092 -9.34119869005
38 420.364779991 -8.80619098245
39 411.323518058 -8.28361887407
40 460.450008741 -10.0003810064
41 437.388753606 -9.15145868143
42 438.992322756 -8.94040704313
43 491.814054939 -10.231393316
44 405.135372627 -8.29294018937
45 398.241304097 -8.20588609155
46 368.396382184 -7.49879507991
47 478.317228411 -9.85236725082
48 382.993987403 -8.51014128745
49 453.952864169 -9.10807363522
50 385.773830067 -8.15061830319
51 431.440733358 -9.22328212988
52 448.899988572 -8.77231880201
53 436.131515826 -8.95199336749
54 474.460689446 -9.85214304385
55 470.257395344 -9.91118212947
56 454.052917688 -9.15953233015
57 475.802977222 -10.1448954065
58 494.869035265 -9.9117298236
59 459.540299061 -9.43995647097
60 405.922675926 -8.67832775687
61 436.437026834 -9.33999000955
62 434.127723085 -8.5379294372
63 472.140001778 -9.39510070353
