0 518.027772894 -10.7832462708
1 511.823364023 -11.4935194253
2 506.237445707 -10.9933495825
3 510.55053386 -10.2922063807
4 419.502862712 -8.42806010256
5 533.054369986 -11.1696063445
6 492.575257657 -10.6373583293
7 458.141828993 -9.65744422115
8 434.841984177 -8.87060634175
9 527.6020337 -11.0354251252
10 488.969177601 -10.112314244
11 482.466396507 -10.108788483
12 526.527988432 -11.8388552564
13 473.171823084 -10.020328029
14 403.504157909 -8.48783516423
15 613.443357778 -12.9716140688
16 489.18058739 -9.92211586715
17 471.341548154 -9.81086758072
18 494.950075835 -10.0020026244
19 480.468506895 -10.0842818611
20 485.516420529 -10.3435554415
21 502.614197203 -10.5567523959
22 497.864234721 -10.6424163609
23 550.589588928 -11.7789284287
24 470.677961602 -9.91041192837
25 543.610394291 -11.4553893031
26 447.226933341 -9.7899823494
27 462.092192097 -9.82855007956
28 549.014212789 -10.4602359143
29 484.043029938 -9.76604311795
30 543.848200478 -11.0288306687
31 540.509792706 -10.0192279809
32 529.070584712 -11.0494648146
33 439.730408591 -9.26958088971
34 500.381863445 -10.2227608919
35 473.82540214 -10.0157735019
36 553.161383725 -11.4356448471
37 446.557687554 -8.95097453741
38 555.365206561 -9.8508385432
39 550.969640719 -11.6226683728
40 552.300685261 -11.1700861949
41 465.14303648 -9.81640449266
42 523.289825973 -10.5863031022
43 516.286593015 -10.8631772733
44 376.170032905 -7.9518262459
45 536.278431638 -11.3107908837
46 479.924798578 -9.95618158093
47 573.444518176 -11.8113474142
48 579.529508692 -12.0409490771
49 496.004034529 -10.2107522077
50 436.692209834 -9.5819029588
51 525.925343644 -10.4593111733
52 498.248582546 -10.1855151585
53 562.687084865 -11.0277597391
54 501.786191823 -10.5875794021
55 491.053668057 -9.8600372891
56 551.482086122 -11.4016518712
57 579.168984412 -12.1961726696
58 517.628058207 -10.880933343
59 537.734109291 -11.2280259126
60 489.139896019 -9.78520720417
61 519.188794169 -10.1008785485
62 486.116180887 -9.99590821571
63 591.171870557 -12.2369314544
