0 407.905495898 -8.58897192085
1 429.094628104 -9.86457320909
2 369.925691551 -8.23776827883
3 411.77059876 -8.96847771324
4 383.184915495 -8.25633449671
5 360.040077646 -7.83008104047
6 373.116552482 -8.24585932366
7 379.54656814 -8.45467528223
8 372.057760667 -7.78200428365
9 453.228318932 -9.8382881412
10 409.657737333 -8.88742193258
11 410.591736065 -8.8003474892
12 397.148620605 -8.68393500187
13 430.115693997 -9.11675472249
14 385.727559424 -8.50416358351
15 388.020439841 -8.55699581989
16 447.034074009 -9.77023023351
17 412.023546281 -9.2327283702
18 372.321322023 -8.05311609831
19 378.368507502 -8.34139831246
20 371.21069808 -8.30543515845
21 394.925731752 -8.5931581229
22 414.51587018 -8.8743791432
23 409.05677957 -8.65034951359
24 401.069787502 -8.55044824977
25 391.507089133 -8.49323007237
26 412.738518169 -8.9600804675
27 431.823911622 -9.33709889576
28 396.7088789 -8.77962167747
29 453.38436548 -9.6078841676
30 461.636362341 -9.67466882376
31 374.609293783 -8.21422162807
32 421.417681191 -9.20390144053
33 347.340387929 -7.75089052937
34 444.121169448 -9.49881835624
35 379.129293262 -8.1833737289
36 444.558913535 -9.54861024256
37 488.890968457 -10.4130091344
38 420.454425408 -9.24102638536
39 424.753647175 -9.30729502614
40 417.06735004 -9.18999260386
41 440.72001172 -9.58613132829
42 377.957953221 -8.08205832577
43 391.140788581 -8.66809675292
44 410.250526984 -8.75861662976
45 404.754503601 -8.84729283601
46 460.459070317 -9.8521545616
47 413.213611793 -9.16696971814
48 433.31603606 -9.14559391207
49 371.358234708 -8.16986885412
50 397.428754502 -8.40694737244
51 410.961093237 -8.84543994661
52 362.118367335 -7.85777945932
53 462.045056842 -9.98908740744
54 430.383833467 -9.37910237729
55 409.91997214 -8.82387876156
56 484.58046895 -10.4374962344
57 463.750310617 -9.84360033727
58 361.719546608 -7.87874105492
59 392.514295577 -8.58659453315
60 391.399862945 -8.4118627266
61 374.158641811 -8.155285556
62 409.024845302 -8.91431416065
63 471.913914754 -9.90746778381
