0 440.979287466 -9.44669779501
1 450.034287859 -10.3770524354
2 441.385462296 -9.30224130582
3 515.835503309 -10.5651550463
4 477.978078946 -9.90764759977
5 477.232277625 -10.2090715104
6 480.554211618 -9.93306159896
7 460.745097558 -9.96512827061
8 527.160197319 -11.0020988526
9 444.055992929 -9.6374835969
10 477.661955462 -10.1177462567
11 496.016084411 -10.1807738687
12 485.697685949 -10.1037540263
13 460.265944593 -9.94393528216
14 511.831162097 -10.7512039785
15 415.160096337 -8.75794501959
16 472.839574161 -9.77533578403
17 462.891397337 -10.154168678
18 426.952749548 -8.77027259627
19 463.249573851 -9.92221765397
20 499.444163218 -10.7295853806
21 442.40615336 -9.32750145865
22 504.230025691 -10.4378540885
23 404.070775093 -8.55393853512
24 496.152886953 -10.2585377845
25 496.449514121 -10.5860019822
26 480.85513025 -9.88452245112
27 442.831345069 -9.16800035452
28 542.45447212 -11.4005458755
29 462.766206267 -9.73897694957
30 461.512903239 -9.68310746774
31 449.116168827 -9.39860258541
32 492.85853096 -10.2974391548
33 451.781969501 -9.23341080986
34 484.939138653 -9.83839404204
35 383.319755625 -8.20867791075
36 482.947423775 -10.1984728239
37 525.021264932 -11.1847905396
38 461.787534961 -10.0573101398
39 443.359337906 -9.50399967798
40 406.858913577 -8.61439107042
41 448.650457342 -9.30125861947
42 441.350555766 -9.34937630111
43 485.200463382 -10.3649840988
44 450.004250068 -9.40297936712
45 428.721093513 -8.85664159515
46 566.675628329 -11.7383827955
47 487.747123245 -10.6008667065
48 448.043431116 -9.73416489851
49 514.616405235 -10.9419902215
50 442.745644101 -9.2596350469
51 493.407709445 -10.6227484635
52 481.332436845 -10.3268336788
53 499.625930371 -10.64065962
54 402.424600247 -8.51929297359
55 494.96906599 -10.6952298256
56 461.671307478 -9.49482387781
57 467.786293274 -9.8672196275
58 464.189141935 -9.63884670783
59 476.304641058 -10.2603244011
60 514.576933387 -10.9371413838
61 448.018714851 -9.50041087885
62 442.724626884 -9.29162603766
63 420.774144478 -8.74097310739
