0 580.560752057 -12.6092430478
1 558.312639385 -13.8435967931
2 608.310272207 -13.7460583659
3 561.275469043 -12.9239129739
4 552.320593413 -12.6679739017
5 686.902756819 -15.1894078055
6 536.255032099 -12.5521945717
7 543.041499808 -12.1123112776
8 631.685381717 -14.0121661102
9 587.754907411 -13.5498822594
10 547.815031522 -11.9748568206
11 633.267927006 -13.5313037881
12 598.383950677 -13.8769086707
13 619.696077227 -13.9286784092
14 525.124245184 -11.8532043821
15 715.427226798 -16.2958577748
16 584.823034314 -12.6674198891
17 603.755245464 -12.7312272933
18 525.106515161 -12.0592408839
19 687.510727439 -15.3531348976
20 628.116642037 -13.8507383722
21 633.361490961 -13.0751694064
22 613.57017957 -13.4935357943
23 568.282194891 -12.8700234316
24 566.193247923 -12.4855419392
25 640.608360746 -14.357015792
26 610.628751802 -13.621681386
27 591.861769512 -12.6641008656
28 660.14699777 -14.0353994997
29 638.784730065 -14.2758382133
30 537.725706196 -11.8975672375
31 638.441390844 -14.2618748782
32 579.392230187 -12.2565500633
33 616.584184478 -13.7840699957
34 606.759733139 -12.5843345037
35 625.339672818 -13.4221830003
36 578.521688942 -12.7007565763
37 681.474750699 -15.0636028897
38 580.8090313 -12.0086192128
39 628.135710074 -14.1111742545
40 669.576292634 -14.6975096685
41 586.959325122 -13.2006988653
42 559.329940568 -12.6028708863
43 581.228282821 -12.7117068148
44 571.300413961 -12.2302624934
45 589.86378095 -12.2911966489
46 592.603848255 -12.753271316
47 647.581486759 -13.9458965883
48 657.777710236 -14.0992281392
49 646.950821559 -14.3177299801
50 595.207778679 -13.5402948029
51 661.295327201 -14.3824047556
52 618.118164464 -14.1643232869
53 604.895513888 -13.0581670603
54 634.093137029 -13.6117657045
55 623.20367692 -13.8532893012
56 519.440914009 -10.917262496
57 547.931833213 -12.0349775266
58 622.473270498 -13.390792166
59 630.381462488 -13.9828540147
60 566.999924461 -12.7214541672
61 610.958853816 -13.5877894532
62 648.555884293 -13.901399136
63 585.667384204 -12.7650446381
