0 466.661356383 -10.6978784613
1 445.570567145 -11.3164871516
2 468.584957781 -10.6821186371
3 421.509344389 -9.91125458551
4 548.970160218 -12.0352464345
5 495.82654787 -11.5278718247
6 536.905589358 -12.1563929967
7 535.98483484 -12.5958917782
8 538.472006484 -12.365634069
9 505.224735593 -11.6827247403
10 535.844302678 -12.3418507005
11 445.988831609 -10.3478072689
12 444.17283353 -10.8138275849
13 388.193987786 -9.50327426118
14 499.46094385 -11.4425694983
15 465.102163907 -10.9766981214
16 539.875952339 -12.1899037077
17 516.647413975 -12.4363394916
18 446.730186696 -10.5593343221
19 463.172505057 -11.0117718689
20 470.150063898 -10.9162055961
21 567.197456723 -13.1745700773
22 500.832274345 -11.7133610894
23 541.04801838 -12.4919952184
24 487.705329785 -11.016072163
25 517.922498799 -11.7929195148
26 499.722318767 -11.0157007571
27 495.661918046 -11.6705367709
28 526.932259672 -12.0685935724
29 526.757070474 -12.0306673248
30 458.030749669 -10.5920863217
31 475.841841312 -10.7372817381
32 503.337367335 -11.0321474989
33 453.662804671 -10.3925779799
34 505.037071251 -11.4984541942
35 526.459286363 -12.4020612224
36 513.874266499 -11.1847469198
37 480.90706357 -11.0736942634
38 464.548079097 -10.6840978664
39 453.845074776 -10.3068901641
40 445.882507074 -10.0947896489
41 477.464758887 -10.9599209912
42 469.57341694 -10.4680879808
43 470.94469234 -11.1155933583
44 495.55198576 -11.4933591663
45 486.809831564 -11.3182831025
46 480.414992353 -10.9758584658
47 445.444549334 -10.6712850812
48 471.419571727 -10.84352657
49 429.566577294 -10.0048019398
50 464.188284014 -10.981451876
51 514.379453864 -11.8059621607
52 475.881770348 -11.068883946
53 480.814155629 -11.0782023217
54 442.998894458 -10.0164977375
55 491.065712719 -11.0756117858
56 498.201652273 -11.4522826521
57 467.164421203 -10.9501776089
58 459.606133507 -10.4885746344
59 410.083957862 -9.76060710635
60 460.594804439 -10.5143216293
61 449.049442681 -10.4830620522
62 603.435373046 -13.524672888
63 479.508771426 -10.7112082106
