0 732.712766649 -15.2562721219
1 698.796325708 -15.6363944052
2 757.719734675 -15.5583180524
3 616.002233581 -13.2451931076
4 732.373347639 -15.3621424488
5 770.753550743 -16.5874594282
6 628.343184938 -12.7780445865
7 693.062607315 -14.265448631
8 689.058128758 -14.2662913412
9 825.244744556 -16.8567922909
10 684.46207728 -14.3077019676
11 634.108121298 -13.4884497519
12 651.041560202 -14.4620170711
13 633.886983752 -13.9595915232
14 869.587443943 -17.7279595697
15 591.048142232 -12.8541006874
16 705.431180081 -14.3878344025
17 738.473539713 -15.1059049337
18 648.125387579 -13.4900419996
19 655.465631138 -13.6799230039
20 725.910600625 -15.2704340948
21 627.425635116 -13.0997819384
22 544.773684116 -11.6456147547
23 808.436235023 -16.4147740935
24 808.588682469 -16.0478480084
25 598.694342834 -12.3811668654
26 733.291067702 -15.3831936576
27 704.18415091 -14.9184736741
28 633.637577099 -12.816821739
29 642.971561439 -13.6178003635
30 726.673111426 -15.1700606139
31 660.743003071 -13.6568563774
32 740.396221491 -15.3201415585
33 711.764468062 -14.974237488
34 690.761608262 -13.9362398902
35 773.522538119 -16.1357238434
36 704.70838338 -14.5063998398
37 611.396318417 -13.2788567034
38 650.270160158 -13.6835466162
39 802.517503719 -16.642331383
40 732.732020241 -15.1245786963
41 693.123491852 -14.320487159
42 711.086840883 -14.6705609686
43 658.276928343 -14.0319183859
44 624.604570619 -12.8033985064
45 753.500773143 -15.7255608939
46 660.869348366 -13.2866507082
47 729.60391887 -15.2339466248
48 832.273334682 -17.0372985055
49 735.807270043 -15.2428093432
50 699.610822622 -14.5292738036
51 617.182457886 -13.1439643444
52 675.270669721 -13.9873561799
53 847.789978498 -17.4891582533
54 697.945860306 -14.4869973653
55 613.907568478 -12.6606699949
56 807.390638227 -16.4568657451
57 708.721785476 -14.9986799556
58 627.638084323 -12.9253567103
59 641.233089465 -13.5711907267
60 664.511822897 -13.5945439801
61 636.694874812 -13.2030504221
62 671.726753499 -13.7870519532
63 668.498406577 -13.7587716135
