0 599.123653513 -13.9901189582
1 705.747006438 -18.281224665
2 603.889297309 -14.2874773814
3 639.956289108 -15.0412814408
4 691.951154048 -16.9071752687
5 540.637286343 -13.4071215294
6 560.901428917 -13.2114901556
7 559.756093713 -13.0925234519
8 654.181560461 -14.9721121029
9 692.685852257 -16.927701461
10 707.737711752 -17.0366651837
11 538.595280755 -13.6778626845
12 600.760834535 -15.0312850772
13 659.322331376 -16.1465772178
14 582.27282032 -13.9936541849
15 685.14579686 -15.2669544049
16 584.173203744 -14.3771497527
17 630.51242361 -14.9856734215
18 693.373272212 -17.1700536115
19 616.981895943 -14.9145814489
20 589.145837176 -13.8584647713
21 521.12227109 -13.2946429019
22 601.316073854 -15.0979827168
23 578.577308134 -14.1273993967
24 606.333282537 -14.7973241853
25 617.016730203 -15.0033634904
26 794.082149362 -17.9056349986
27 641.55008625 -15.9474214144
28 512.560212879 -12.5024092137
29 555.40683719 -13.3702753092
30 534.348109356 -13.1867997296
31 591.099025092 -14.83301998
32 582.05331419 -14.2916866078
33 569.305652502 -13.9133650818
34 622.544007221 -14.8020301567
35 730.817007664 -17.7850968091
36 647.341627311 -15.2604824901
37 614.849561878 -14.9888885449
38 556.222599318 -13.1234997768
39 618.984574096 -14.7448021525
40 650.631484355 -15.674966371
41 506.368499949 -12.3554061149
42 630.012846384 -15.5406865475
43 647.985967007 -15.6486328142
44 672.016308574 -15.7541609299
45 657.458012781 -15.5696527683
46 552.851648697 -14.1382030096
47 614.075185959 -15.1410619722
48 582.605661519 -14.4474718032
49 616.957713274 -14.9950879594
50 650.582856688 -15.7944666778
51 717.559443226 -17.8948363462
52 652.92941373 -16.0115965603
53 597.720998506 -14.5422171414
54 633.194185935 -14.7362473756
55 640.144428234 -15.6254227631
56 705.478734017 -16.6336129987
57 633.445915138 -15.0698991207
58 619.001234932 -15.612872631
59 594.204765227 -14.3941564894
60 701.469535307 -16.963276072
61 572.026091638 -13.3993567144
62 640.668906727 -15.8281275547
63 627.548211978 -14.3713246971
