0 369.692445914 -8.09309685386
1 459.05874611 -11.0845234974
2 415.909066728 -9.29637502418
3 515.410752329 -10.9960404711
4 373.716819124 -8.05256398355
5 451.472218483 -9.82129871093
6 403.592650125 -9.10009336849
7 469.747469686 -10.4853237877
8 482.757007685 -10.5647733471
9 413.826796726 -8.97544657555
10 386.162108177 -8.62135996309
11 406.523558375 -8.8298391651
12 409.480119375 -9.70464482172
13 344.193252308 -7.76725343496
14 402.932361105 -9.06419830506
15 398.358614928 -8.72777407112
16 393.537066036 -8.6811386631
17 409.334051883 -8.78674656169
18 408.233145973 -8.76673177609
19 403.772192604 -8.44925985543
20 398.202584924 -8.9326307572
21 450.925355446 -10.0809149043
22 349.001586504 -7.61191454501
23 442.891585804 -9.65005744784
24 405.67561584 -8.84339185071
25 368.476877864 -8.54427193489
26 344.406781482 -7.52378877822
27 390.17361565 -8.68672725609
28 397.305801245 -8.77896446211
29 372.943920243 -8.13444167383
30 377.594152586 -8.04256289456
31 412.509049086 -8.8661960913
32 406.774174629 -8.93740784305
33 372.489719176 -7.94815285707
34 462.52060799 -9.79371569936
35 447.438910827 -9.79624361357
36 481.43272118 -10.1776568262
37 461.431429642 -10.3915217907
38 379.444144088 -8.167303883
39 415.485947047 -8.94199899022
40 432.236347933 -9.55834103317
41 449.0204601 -9.69209897993
42 352.41406571 -7.62211972078
43 345.740847745 -7.81371094361
44 455.276525962 -9.79382206244
45 469.41005359 -10.1876134881
46 455.554562006 -9.76303046001
47 413.638926252 -8.99228277215
48 433.608940955 -9.49192224841
49 405.089310252 -8.77411099756
50 389.80687673 -8.78318556251
51 398.539778236 -8.93950609537
52 402.70488903 -8.6922561786
53 336.623406175 -7.69314692212
54 None None
55 402.888054873 -8.68799879394
56 378.3525704 -8.26831602967
57 428.119123707 -9.17462396334
58 397.774734525 -8.6650642297
59 410.550177382 -9.03713112444
60 378.859861255 -8.46367047399
61 365.910050712 -8.24302531131
62 448.593666491 -9.33361401454
63 376.67079414 -8.11601987635
