0 479.981558337 -10.9679727763
1 459.242754361 -11.9110529187
2 447.237853576 -10.3277949879
3 497.419723221 -11.7235303941
4 517.356749902 -11.7144692974
5 475.637093468 -11.4374205826
6 494.006741593 -11.546409175
7 496.320156205 -11.3059393196
8 442.302328396 -10.5667823157
9 451.929965336 -10.5609423547
10 513.090645706 -11.687214355
11 480.421849272 -11.5360303309
12 487.135707582 -11.7795914604
13 465.560204859 -11.2692247956
14 461.142442102 -10.8061237749
15 508.027021439 -11.6456427182
16 454.218262358 -10.7176494668
17 519.469893227 -12.0835172829
18 433.9421826 -10.3908699336
19 425.572544563 -9.82535421136
20 419.216335908 -10.195996995
21 480.14054859 -11.4519055187
22 487.9264735 -11.6186668436
23 372.275940466 -9.04062948511
24 468.192147974 -10.7011129676
25 424.776227789 -9.85897460684
26 542.581435449 -12.6131830241
27 461.71123437 -10.9487485402
28 486.553157432 -10.7894257161
29 494.717733668 -11.5121553528
30 466.93258058 -10.6381334511
31 472.965330732 -10.7829744143
32 483.035924009 -10.9000140369
33 498.390400699 -11.6742304443
34 456.412389309 -10.4565179003
35 473.097209914 -10.8183239815
36 500.655947524 -11.5214523196
37 465.701802805 -11.0097657683
38 463.859884268 -10.8858550312
39 433.934952001 -10.1569321689
40 436.730907162 -9.70171891559
41 473.080020958 -10.9127085775
42 487.062360974 -11.309483128
43 373.265100673 -8.82777131573
44 461.444059999 -10.6565449785
45 548.688720031 -12.9952898421
46 464.557676567 -10.4263695186
47 443.54052686 -10.3677613688
48 469.827429629 -10.9358362985
49 440.43151435 -10.2254416756
50 471.995553048 -11.1201963582
51 454.175022189 -10.751659884
52 486.522955894 -11.4384755991
53 504.935246551 -11.7562372541
54 466.900222683 -10.9789872863
55 452.077877575 -10.5756760773
56 494.062436056 -11.0449162101
57 397.17253532 -9.34284255936
58 446.068499274 -10.3366499297
59 445.812041561 -10.4488059062
60 418.71898522 -9.61559815943
61 425.257745192 -10.0686552472
62 427.298384621 -10.0227044387
63 467.024819189 -10.5208456322
