0 448.321166881 -8.3910808154
1 401.183329585 -8.86177860311
2 425.231379607 -8.50972693194
3 452.728380899 -9.02529941128
4 451.451344101 -8.7791847063
5 476.260625059 -9.5712149036
6 390.635905492 -7.68648440445
7 399.891671024 -8.11648856305
8 454.364120835 -8.77542018027
9 522.324300735 -10.2712491463
10 459.207071792 -9.2246894394
11 402.8423278 -8.14816983488
12 416.538465678 -8.80741649032
13 468.16481271 -9.41382710665
14 478.737919636 -9.5792985547
15 514.883898724 -9.8546715606
16 490.397933745 -9.84632769912
17 389.767790161 -7.89493535565
18 390.985237846 -7.73159435679
19 451.884194959 -8.86533291592
20 518.177332505 -10.4711848313
21 413.177077558 -8.15459575636
22 409.801158433 -8.11041865943
23 501.879606971 -9.76932283749
24 426.146312474 -8.42460061864
25 446.091928117 -9.07549100941
26 505.117651662 -9.99381939194
27 485.230054791 -9.70777279514
28 460.298853358 -9.03470302359
29 464.177627619 -8.96923425727
30 465.750096398 -9.05250662301
31 502.326272618 -9.98287432668
32 464.397306539 -9.21530689239
33 372.751399335 -7.6083553672
34 414.17554446 -8.21066377525
35 462.908912267 -9.30836761441
36 468.244824252 -9.18934710954
37 491.693971619 -9.37496103831
38 505.550121125 -10.1705229484
39 497.693344934 -9.54874296121
40 422.432282203 -8.16884423817
41 428.405844528 -8.23020051159
42 377.855982995 -7.53020523642
43 439.591904118 -8.73268218823
44 437.952584109 -8.82081470909
45 440.758446379 -9.06275461204
46 458.842425785 -8.67773995964
47 446.466215968 -8.90182402032
48 413.223340412 -7.85423048208
49 418.670691177 -8.44808703416
50 434.530236434 -8.48177683593
51 447.480825911 -9.09301206524
52 441.013203478 -8.49751531084
53 429.77032505 -8.48092973581
54 495.983899607 -9.79619743862
55 377.006606367 -7.60045833947
56 425.770428224 -8.50167589903
57 503.221949864 -10.0220683104
58 469.007106096 -9.06544040828
59 421.276089921 -8.26122075942
60 411.622412213 -8.24240865659
61 461.363873067 -9.38967130359
62 394.037342473 -7.87212920302
63 414.389139804 -7.91923531093
