0 510.857399918 -11.2493059938
1 401.251682951 -10.3712527269
2 425.819318953 -9.45928084315
3 395.626592223 -9.15192181042
4 499.38022928 -11.005237507
5 473.365555924 -10.8291827632
6 402.92611932 -8.98573547017
7 405.357235099 -9.3458550612
8 408.884657067 -9.11303957018
9 442.184387031 -10.1180062798
10 400.264894912 -8.79706727937
11 419.794892924 -9.55661342941
12 428.475676195 -9.77698872489
13 419.279161238 -9.26979993608
14 435.911288846 -9.49364748835
15 455.506914526 -10.2273294822
16 480.910093808 -10.6930952385
17 509.082102958 -11.1983071277
18 486.847155113 -10.9104811719
19 520.256988025 -11.2891111335
20 487.066593947 -11.0004326294
21 423.191668783 -9.68430681773
22 474.344478736 -10.217342741
23 398.787875682 -9.20389502704
24 486.360827375 -10.7142213603
25 495.56518939 -11.0891293783
26 406.049133822 -9.09122929823
27 487.32391613 -10.9820059593
28 440.753427606 -9.36748744846
29 465.475904464 -10.4946546268
30 420.077256596 -9.55259645723
31 472.937221936 -10.6613550281
32 460.081203228 -10.3734703681
33 359.545150436 -8.4735336748
34 449.835509562 -9.98948601319
35 439.823211332 -9.83117630756
36 487.686332187 -10.8562334615
37 451.637535818 -10.1344311949
38 456.076509561 -10.3277427575
39 397.992095146 -9.09880797689
40 437.078989244 -9.43764501906
41 395.033499073 -9.27435583445
42 432.680736245 -9.54311501074
43 484.752058782 -10.6145190065
44 450.981072644 -9.90315254024
45 488.118877164 -10.9251636977
46 438.886253081 -9.7791889294
47 402.455638617 -9.10078455341
48 492.588617264 -10.9525432112
49 505.865870966 -11.3449136653
50 500.400170343 -10.966072847
51 452.421591431 -10.4906423224
52 384.524490836 -8.81581434808
53 408.981184862 -9.32781889827
54 504.952296174 -10.9605198018
55 434.685773802 -9.93277001673
56 441.597006559 -9.71994653182
57 461.760067622 -10.0910958021
58 433.486206663 -9.47663352411
59 468.172504442 -10.2470538707
60 497.205416272 -10.5629430806
61 385.87043018 -8.65496936544
62 438.181036879 -9.94828563343
63 524.52357383 -11.4705322255
