0 380.05343023 -8.87322955451
1 376.662088059 -9.91187529564
2 403.957458859 -9.15520769361
3 378.472186656 -8.782871996
4 386.87924053 -8.69761834633
5 391.516418456 -9.07892939828
6 339.485833008 -7.81243793826
7 372.469241817 -9.08250972457
8 405.615185127 -9.32303109355
9 389.33780462 -9.22016005802
10 389.092803485 -9.08659723575
11 364.376894952 -8.49464204973
12 338.985365467 -8.2149365693
13 386.10453729 -8.67419813299
14 429.093789996 -10.0728944367
15 409.004779266 -9.895493784
16 402.141883815 -9.1519534946
17 359.669077816 -8.45477697211
18 404.555297054 -9.26068429982
19 335.532128493 -8.12320463542
20 342.590599351 -8.15039472092
21 368.355384228 -8.79830343092
22 377.546895517 -8.91358795305
23 296.226450195 -6.95876871781
24 389.687998584 -8.72611737218
25 383.673718298 -9.13251095424
26 350.138060557 -8.13192809536
27 440.664600802 -10.4029014584
28 396.311007942 -8.9493881044
29 414.27863585 -9.65426291617
30 353.510496246 -8.12903310966
31 414.332158722 -9.35681433827
32 350.046630814 -8.17549487394
33 382.82766702 -8.92966301608
34 384.272698437 -8.55860303476
35 414.194249302 -9.52626364565
36 None None
37 372.281246068 -8.54879306974
38 394.399192121 -9.20171783536
39 353.099161202 -8.19824023399
40 411.341793023 -9.42619880769
41 376.757535572 -8.74369526839
42 388.622462528 -8.59504149016
43 368.740798645 -8.71346496379
44 424.737546147 -9.48414239358
45 456.717440714 -10.3467650584
46 324.002930704 -7.53209740412
47 388.152514089 -8.87142397268
48 383.396430701 -8.90328571385
49 401.535857583 -9.64400899833
50 344.602665406 -7.75712549416
51 390.014093081 -9.23637981512
52 385.480569787 -8.81529883736
53 361.312400511 -8.37001008729
54 401.202986908 -9.01906806544
55 406.351655764 -9.02079831416
56 397.724392916 -9.31380021383
57 332.764224769 -7.81370086475
58 368.894386864 -8.3950478679
59 367.360703032 -8.64613221164
60 392.934206891 -8.66702948897
61 376.201185031 -8.834628133
62 429.424515196 -10.0996125965
63 363.427521696 -8.39152341324
