0 507.713841562 -12.4494633051
1 468.561589995 -12.66699606
2 545.395616054 -13.2935918306
3 411.941409483 -10.4728929174
4 493.487919493 -11.9985902699
5 542.431942218 -13.4992953499
6 499.946680713 -12.1476949545
7 464.702858742 -11.518223828
8 523.683886704 -12.4686900906
9 449.994594409 -10.8896343402
10 429.704339233 -10.657031257
11 449.741543276 -11.3489668506
12 507.28501167 -13.2452591334
13 509.991755364 -12.5772084779
14 463.096076718 -11.4734677393
15 447.64001182 -10.9694454351
16 486.432711536 -11.4922033187
17 447.032377843 -11.317314087
18 510.196418887 -12.7695901049
19 490.931602121 -12.0195582016
20 420.903208578 -10.8693134588
21 467.97086143 -11.7348991574
22 436.720318552 -10.7062799628
23 477.251729714 -11.7210736504
24 492.748275186 -11.9579982981
25 506.309410661 -12.5327012065
26 521.551655279 -12.7743721917
27 482.637351928 -12.0508120393
28 460.063127162 -10.8311712621
29 467.022962525 -11.6821193509
30 484.079783022 -11.8439049801
31 485.615853712 -12.2071732013
32 517.929977104 -12.3838970132
33 550.261796629 -13.3749647426
34 540.416141327 -12.7740342571
35 488.863945671 -11.8334429553
36 479.577739322 -11.7706118401
37 459.408480931 -11.2794130404
38 518.127134594 -12.3022314594
39 420.90244645 -10.3968337665
40 486.539501051 -11.732404484
41 514.04709338 -12.389242465
42 432.104357273 -10.4331863323
43 522.785262032 -12.7592671578
44 490.676862695 -12.1035416388
45 465.892015222 -11.5798468362
46 452.847991906 -11.237721799
47 432.055031143 -10.4798862979
48 463.485711092 -11.3272279507
49 514.677379583 -12.5566617182
50 553.268619799 -13.3999556001
51 526.305837817 -12.7638116483
52 465.592816763 -11.3356101914
53 508.861208373 -12.5231371688
54 515.274616622 -12.5452693746
55 451.169040796 -11.2493519723
56 545.572360176 -12.9544418492
57 471.000304594 -11.9127561556
58 493.509518888 -12.0180056092
59 501.583050286 -12.1118695572
60 511.613006107 -12.3359066023
61 505.645940686 -12.4458875912
62 506.290598395 -12.6437276426
63 556.86001891 -13.1235506835
