0 455.491008182 -10.6301312983
1 518.546960831 -13.3291189697
2 450.242550824 -10.4560514495
3 500.514924238 -11.7346566684
4 510.362740116 -11.8422315081
5 447.458757124 -10.8141304199
6 555.988611947 -12.4375453
7 526.45114486 -12.2733109424
8 452.624283373 -10.6383972167
9 463.090449876 -11.0996939634
10 564.129202927 -12.7207940676
11 488.560838589 -11.5542291748
12 493.878587986 -11.9213303385
13 552.509734075 -13.0899858381
14 527.730139774 -12.1460725053
15 488.289728373 -11.6473962741
16 419.516638551 -9.57308320573
17 514.982287853 -12.0790111918
18 464.259722192 -10.6990187325
19 527.284045498 -12.4393944623
20 521.364717325 -12.356172577
21 472.367230554 -10.9088912477
22 492.994697673 -11.3633104921
23 513.799804756 -12.1471771834
24 534.222219892 -12.0004779768
25 514.105160653 -11.6871464488
26 564.617740652 -12.9986935206
27 468.895294637 -11.3438363425
28 549.033393025 -12.0385963253
29 468.601407143 -10.8257790354
30 471.941958925 -11.1296293887
31 539.251206549 -12.6264443798
32 494.839303583 -11.5110421731
33 474.269176069 -11.107112638
34 459.213381046 -10.4351950454
35 556.280949149 -12.3745075061
36 493.970250955 -11.5330377053
37 404.97094538 -9.78722751105
38 442.861960932 -10.0392364296
39 464.222119824 -11.0639415309
40 505.794343236 -11.4029301996
41 523.183649445 -12.0982678954
42 424.149004435 -9.98197499463
43 458.56690581 -10.7929574656
44 517.571217823 -11.8624197976
45 449.497290239 -10.5477299431
46 530.614747688 -11.8450469074
47 572.897413281 -13.6523905907
48 515.498033359 -11.503081863
49 603.66595761 -14.074317005
50 559.171185654 -12.687037906
51 580.027286285 -13.2021760592
52 481.988156463 -11.3886474986
53 466.126457461 -11.0539617323
54 518.863709328 -11.7873263536
55 473.705791833 -11.4638615274
56 555.984354248 -12.6017966051
57 606.309169506 -13.7556744751
58 503.005543289 -11.385347997
59 527.150266309 -12.5875781703
60 453.357455345 -10.2805485032
61 549.384471942 -13.0227285146
62 463.164272883 -10.7537529212
63 665.561772009 -10.777110256
