0 627.616959362 -13.573488836
1 609.331392864 -13.9969673083
2 610.1454748 -12.8719953764
3 541.749770976 -11.719676353
4 542.111359919 -11.7429020005
5 581.672144458 -12.8589715279
6 580.278279969 -12.6517970665
7 592.675706491 -11.9047095834
8 538.607376945 -11.7045018659
9 647.708379387 -13.5990157969
10 581.698140695 -11.8269112731
11 580.402537967 -12.8478626881
12 527.37800478 -11.9597077328
13 664.925318602 -14.464710384
14 606.030007539 -12.3284497919
15 527.449099491 -11.2688313214
16 636.464537767 -13.4927033807
17 558.694244351 -11.9973019175
18 572.783078479 -12.0346103875
19 655.91798815 -13.9610560135
20 538.880597667 -11.6760258367
21 659.441654527 -13.8691340682
22 575.208698216 -11.9961457607
23 554.699080012 -11.2097717582
24 650.684892248 -13.6923356855
25 585.767165046 -12.5885018781
26 596.528074901 -12.2495506244
27 596.709532543 -12.4154446414
28 610.639149123 -12.7228813595
29 607.208060501 -12.6906173527
30 575.20590435 -12.5250855716
31 633.728855762 -13.4746457145
32 588.905363726 -12.7275940881
33 615.908553623 -13.6191855262
34 586.929453801 -12.5289186907
35 650.777140513 -13.5935457055
36 564.035079227 -11.9182649598
37 575.250740719 -12.169733126
38 609.556850398 -12.7648715655
39 637.298592442 -14.0356614761
40 697.300244413 -14.4945058989
41 532.731789149 -11.2566780063
42 567.045174898 -12.2898629234
43 637.464115057 -13.5380873561
44 686.42376928 -14.9209477602
45 606.378931112 -13.347876461
46 583.660013245 -12.3938078748
47 569.598577968 -12.7819320351
48 661.158434824 -13.9513735505
49 577.969788345 -12.1418605501
50 609.519258428 -12.1259152672
51 555.917752966 -11.9929048974
52 608.102528891 -12.7454631798
53 599.593705452 -12.809336881
54 581.936461621 -12.5461039328
55 552.50464122 -11.9267676546
56 647.440142808 -13.8909831765
57 588.931863138 -12.7027774137
58 599.105068503 -12.5718007658
59 588.028323797 -12.7733384483
60 674.833572628 -14.4998565154
61 615.868812634 -13.0775661046
62 597.124767747 -12.8994446161
63 695.834052423 -14.0772324643
