0 486.892846074 -10.5473976699
1 487.204217735 -11.7439285143
2 399.417898677 -8.94927119686
3 464.690734421 -10.1233244059
4 477.630387629 -10.6039179863
5 478.587721517 -10.5937038725
6 498.215558508 -10.7975189714
7 434.944721354 -9.82853242861
8 448.659453408 -9.9269279075
9 435.171735453 -9.69725144247
10 403.547171807 -8.8377814564
11 421.552911338 -9.22143974516
12 432.359789077 -9.98657777714
13 442.588498589 -9.93144757268
14 525.643874064 -11.5739682853
15 504.523112221 -11.5798836874
16 443.354124565 -9.72343576307
17 416.783181732 -9.23476329892
18 476.982758946 -10.3289734854
19 495.57592243 -11.1336889876
20 495.380859646 -11.0520132822
21 500.677070215 -11.0071959015
22 444.084015308 -9.76402793202
23 465.374561555 -10.2937111589
24 467.870754148 -10.1589068334
25 407.925346625 -9.29537765245
26 448.27861267 -9.88426984724
27 421.376278173 -9.35171885538
28 434.951203332 -9.91751336592
29 457.738851746 -9.99339478763
30 459.229358085 -10.0260852449
31 445.903895926 -9.77289938045
32 487.865630753 -10.3103615698
33 426.522980819 -9.60013528415
34 456.397524185 -10.0066913343
35 456.102810019 -10.072684218
36 553.464060411 -11.8868999797
37 522.548583634 -11.3142030492
38 459.075234694 -9.71047977972
39 435.671866316 -9.76746872163
40 456.205115871 -9.94534165144
41 471.772514438 -10.2676489891
42 546.017525087 -11.8358286811
43 451.567554208 -10.3330073461
44 444.933858412 -9.85837209093
45 477.18228293 -10.6240579689
46 427.265438231 -9.40274422708
47 459.931405228 -10.2334537477
48 427.915656584 -9.26277322461
49 443.929522482 -9.84217772628
50 456.234563326 -9.94425729345
51 483.571573464 -10.6714416388
52 502.585708672 -11.0283443273
53 424.966222394 -9.48519991574
54 504.204812947 -10.8258622211
55 481.750375304 -10.4112116726
56 560.832014611 -11.844086861
57 552.297483249 -11.9234683639
58 488.001925867 -10.6982594148
59 425.061743248 -9.36403167204
60 494.397808409 -10.8145902051
61 430.250767086 -9.57384691582
62 405.153269783 -8.99997822977
63 397.451793322 -8.61063130583
