0 357.805410571 -7.5045101043
1 410.573467946 -8.55827518934
2 422.834457775 -8.47249257022
3 433.353220246 -8.86506578645
4 385.344705357 -7.94800386778
5 381.154261429 -7.99664342828
6 379.530175016 -8.01214203185
7 429.823413178 -8.99408559502
8 376.272751331 -7.97686919696
9 385.939716418 -7.92569053954
10 361.492351625 -7.55100917053
11 452.339588362 -8.80055734032
12 424.318132821 -9.23398285906
13 400.736516009 -8.30807133809
14 414.28690627 -8.48093224062
15 432.470383323 -8.61697164077
16 362.629946845 -7.31642620809
17 375.284952111 -7.7141117062
18 352.794355172 -6.7633145353
19 372.40521512 -7.96131003994
20 498.286570498 -9.23506101199
21 398.452122133 -8.17411093058
22 448.706169492 -9.26715362363
23 420.215889145 -8.70124281139
24 396.254085409 -8.1346986306
25 370.514541947 -7.77095957711
26 356.148025561 -7.48465761082
27 397.675949215 -8.10131993677
28 351.052917053 -7.35147321883
29 392.037180106 -8.34874931089
30 393.682827256 -8.48798372443
31 347.28938498 -7.4435490189
32 470.755232403 -9.09881482006
33 381.500244289 -7.98001388564
34 466.284262841 -8.66233501336
35 377.123514409 -7.70416061773
36 420.405067051 -8.1461843681
37 364.123209403 -7.76467244125
38 411.58563999 -8.37969976932
39 432.209144872 -9.07698116771
40 395.875962418 -8.08550321582
41 383.670273405 -7.53508018716
42 410.648708612 -8.31554415853
43 386.690478403 -7.89738045273
44 398.564673102 -8.00439375209
45 398.979147815 -8.13016552404
46 383.789932369 -7.92443530186
47 472.537182713 -8.10621008307
48 378.23730275 -7.98991442902
49 389.197659568 -8.10905506512
50 362.544989046 -7.50699811722
51 422.909049994 -8.86468426546
52 431.227311351 -8.82272478074
53 430.012682494 -9.1965336653
54 417.06679494 -8.12890304181
55 416.529756849 -8.64520340469
56 379.817931442 -7.78549386543
57 426.912445162 -9.02586455271
58 384.242702842 -7.86773526273
59 422.252793143 -8.86987613315
60 472.077336646 -9.60750771212
61 417.591837773 -8.62566818532
62 333.085901347 -6.96765675318
63 456.325381626 -8.98608026627
