0 520.389409792 -10.0293515443
1 443.696126548 -10.6249210498
2 482.842160417 -10.6088011652
3 459.624934572 -10.1899535394
4 564.115864505 -12.1453802347
5 570.054675754 -12.0870684548
6 406.260216507 -8.44035319544
7 482.723964537 -10.3270508512
8 528.864855935 -11.2343047102
9 545.524802683 -11.0764849254
10 452.41813011 -9.41697387157
11 467.023968041 -10.3594696176
12 607.593326793 -12.2351171452
13 438.902202596 -9.54812297043
14 565.629924659 -10.9868400543
15 485.741707052 -10.2640885227
16 463.500086744 -9.97815482719
17 566.539967154 -12.2714049499
18 429.431912296 -9.4463694134
19 596.779443024 -12.6488128155
20 512.035579749 -11.3563046842
21 471.515871512 -10.4704186514
22 478.384417175 -10.3812304212
23 483.589190193 -9.90609399095
24 543.318207774 -10.9511904127
25 577.160778124 -11.1639842641
26 442.766428096 -9.68191546379
27 434.845947987 -9.48741889568
28 460.149070696 -9.93528838005
29 538.69384491 -11.0870049138
30 509.729511506 -10.2228778101
31 568.634681579 -10.7894249378
32 484.094305329 -9.88197507903
33 414.95230859 -9.30817803307
34 519.230477039 -11.5468038138
35 517.737329234 -11.5772713288
36 490.077741509 -10.3487644872
37 507.338619691 -10.8697707301
38 464.067396288 -9.90575265486
39 529.055657756 -11.0699018938
40 582.914661224 -10.0432828314
41 469.472138644 -9.80807368365
42 574.351240646 -11.7533194295
43 451.428075049 -9.92020457856
44 477.774843907 -10.3358185154
45 427.691475449 -9.21113365209
46 620.771500771 -13.1149929629
47 458.524696738 -10.1580209688
48 438.524538564 -9.48337174447
49 545.562598804 -11.0362785308
50 509.819291033 -10.493315881
51 531.890056897 -11.2238916924
52 531.529545259 -10.4207484536
53 523.945644627 -10.0162004613
54 479.100965599 -10.3426502342
55 490.17968502 -10.6817965888
56 615.668869968 -10.4387493887
57 488.629797461 -10.3984494527
58 516.235412925 -11.1140181463
59 579.467947535 -11.2110968718
60 506.229464455 -11.070955053
61 440.904509401 -10.1086116966
62 459.885044722 -9.79413091801
63 474.7771324 -10.2465178693
