0 456.717762891 -10.1901950074
1 464.015528318 -11.1464812249
2 489.264498977 -10.345715937
3 412.787350769 -9.08899010147
4 462.467714561 -9.77696301391
5 412.677699305 -9.03083012346
6 473.77899776 -10.4618916358
7 463.25631238 -9.9357884544
8 444.565855809 -9.69823694392
9 369.149542522 -8.40944324672
10 498.753413034 -10.723110492
11 444.617043555 -9.57743496997
12 443.260467033 -9.94313683096
13 461.576852795 -9.95376847863
14 464.086025753 -10.1175744194
15 533.848669116 -11.3649976389
16 424.062421802 -9.43356948222
17 443.083534997 -9.5836666914
18 496.658436842 -10.8290101671
19 489.517275177 -10.143509368
20 436.173128539 -9.40820383718
21 468.848659422 -10.1707057291
22 454.887924758 -9.32084987952
23 478.267390313 -10.2937336383
24 431.156260392 -9.3238158958
25 404.681568794 -9.01381903467
26 517.588505545 -10.9483503399
27 492.372675422 -10.6979533731
28 413.119542487 -8.74353657527
29 471.975205516 -10.2677793816
30 512.354054856 -11.0566002134
31 470.61174418 -10.3916997409
32 429.228699578 -9.72397980328
33 428.473405795 -9.40498703615
34 449.467033259 -9.35476341494
35 419.956181232 -9.11484400385
36 447.578540924 -9.49440801732
37 423.679204473 -9.38078291346
38 522.888675432 -10.84307588
39 510.240009787 -10.6645995278
40 482.640550462 -10.0900340571
41 566.133290107 -12.3143762561
42 477.189818107 -10.1585185858
43 489.064908743 -10.6708515691
44 503.991920188 -10.5860782607
45 521.63721516 -11.1308408276
46 478.606928798 -10.4067915341
47 506.071425438 -11.0450192461
48 439.251105032 -9.50370535851
49 411.524395523 -9.09947722326
50 509.804556111 -10.9943813749
51 463.249255834 -10.2168264079
52 476.385508133 -10.1331367611
53 515.584705165 -11.487140419
54 491.196171799 -10.6754423494
55 466.255591794 -10.2119619792
56 487.949416952 -10.447903769
57 421.64005244 -9.33406627654
58 552.750410155 -12.0225368289
59 443.336443527 -9.5718071785
60 427.969944464 -9.2231587561
61 487.895083436 -10.4713018259
62 485.585706884 -10.6499346933
63 477.967851412 -10.0810735877
