0 454.168791216 -10.9970931885
1 396.817141418 -10.8092790653
2 360.982006735 -9.39484012615
3 452.114857747 -11.2428974669
4 408.580058254 -10.1376565518
5 453.345458368 -11.5073246764
6 474.434144755 -12.1054227513
7 414.334872607 -10.5848472423
8 408.719253842 -10.1796579167
9 443.879369595 -10.9451043894
10 434.657398333 -11.0809596647
11 452.603142153 -11.3970750072
12 409.321147602 -11.1068070922
13 424.532848534 -11.378530548
14 440.994640398 -10.9320487303
15 444.90503105 -11.0563187283
16 458.101102711 -11.1884716903
17 440.785644018 -10.5628625295
18 429.333110132 -10.5911697196
19 334.813142707 -8.81779788677
20 493.632050965 -11.7720639445
21 416.067739625 -10.3124150892
22 451.559261084 -11.5370680599
23 415.414987577 -10.5422119467
24 442.728360992 -10.9345759263
25 410.609727858 -10.2378069772
26 394.300813479 -9.93293468221
27 434.671956002 -11.0614797656
28 471.472709776 -11.0237058246
29 408.535487696 -9.78435748311
30 462.472645781 -11.5225548054
31 401.212696702 -9.66755725496
32 433.323846819 -10.8687833388
33 472.379904416 -11.1038952701
34 377.126826976 -8.97009622588
35 466.248719479 -11.6916115543
36 408.742629069 -9.94601231028
37 433.490908287 -10.9146896951
38 465.274032841 -11.4664593569
39 419.714789056 -10.4572270055
40 433.115439479 -10.8591749904
41 446.695767596 -10.6420084639
42 403.36785971 -10.0291462633
43 453.530842341 -11.1979398121
44 450.156878711 -11.3289942497
45 427.935428278 -10.3847604659
46 424.692369633 -10.5372920858
47 411.543765198 -9.79034761966
48 419.487273741 -10.6325653835
49 450.025388135 -11.0674580559
50 407.267323392 -10.3510137302
51 430.188352938 -10.7729075473
52 381.077608057 -9.63767957188
53 395.186125527 -10.1336853076
54 406.325680742 -9.56985323777
55 393.651567166 -9.58864360039
56 403.950443498 -9.81577430749
57 481.946227509 -11.5507451627
58 462.656459683 -11.7094088091
59 440.59177311 -10.7924871734
60 465.025829961 -11.4604094855
61 391.393005518 -9.95656492675
62 395.90678548 -9.54880062293
63 440.016119953 -9.80816486476
