0 476.601748771 -10.9183140932
1 475.949952045 -11.8152951431
2 460.662597567 -10.7010409419
3 489.014508005 -11.1803316802
4 434.019220274 -9.8092031431
5 432.288498124 -9.75822964698
6 481.28832191 -10.8263746914
7 489.172061173 -10.9762680526
8 450.134995331 -10.0203069937
9 463.73904188 -10.3500961238
10 488.729265908 -10.8013106696
11 434.871966686 -9.83466760764
12 398.853167816 -9.43152984793
13 466.453846647 -10.3420645395
14 511.29363664 -11.3342293816
15 473.323984967 -10.6486134239
16 519.716897474 -11.4158149484
17 551.355867049 -12.2173591386
18 468.564165405 -10.497278797
19 477.833835401 -10.8322073132
20 458.886647701 -10.3886365406
21 472.551542099 -10.7957564862
22 489.975755247 -11.0497868288
23 478.591967472 -10.4449389777
24 408.121216085 -8.8602257695
25 420.123497417 -9.77977858705
26 512.22259661 -11.2373913635
27 495.893302574 -11.1734763508
28 577.226672672 -12.6935743954
29 491.752370303 -11.1260528225
30 499.071888395 -10.7794526009
31 513.079152407 -11.4642359003
32 475.222699021 -10.938321261
33 543.079469319 -12.137520957
34 489.970458684 -10.6019755325
35 527.184892015 -11.914250595
36 569.946237962 -12.3414516987
37 425.3571402 -9.83291255455
38 540.854395201 -11.8549919034
39 512.516119922 -11.6145897508
40 566.286964923 -12.4255184958
41 479.082920819 -10.933286624
42 430.039740813 -9.69214274203
43 469.431022353 -10.631905577
44 477.775331231 -10.5857447071
45 415.936231011 -9.57137429131
46 500.866549505 -11.3679591294
47 482.554013299 -10.8115645625
48 471.488847263 -10.6549439912
49 456.613794922 -10.3035312279
50 455.225975586 -10.2491661043
51 486.132739415 -10.9509722795
52 500.828204967 -11.2290612964
53 501.817595821 -11.3432774843
54 472.588370858 -10.4737060586
55 551.140172297 -12.3003603043
56 461.964426599 -10.2743835822
57 410.791715833 -9.1499249287
58 508.576554021 -11.2989505192
59 491.132414693 -10.8603261982
60 509.996459714 -11.299189853
61 587.391307105 -12.9836696912
62 480.516615865 -10.7411408049
63 491.92926614 -10.8853727153
