0 411.918750443 -8.95887446411
1 455.362889313 -10.3637377734
2 393.386096798 -8.63732156619
3 418.771662411 -9.46721315519
4 378.10804913 -8.37460184854
5 380.618629633 -8.34544930868
6 390.034103417 -8.49977162084
7 374.835713984 -8.08663844801
8 421.004336382 -8.59712360068
9 486.917897745 -10.1479618856
10 386.090725939 -8.79573435486
11 402.553712678 -9.38403785778
12 472.207707856 -10.248807152
13 425.71855566 -9.39396938987
14 357.143572717 -8.13851993766
15 427.243107054 -9.52331414439
16 452.232793532 -9.73997857489
17 443.28601995 -9.22190254046
18 397.339944691 -8.24673082352
19 426.98858915 -9.47562612477
20 478.419407641 -10.2308061501
21 435.84541424 -8.71163964512
22 388.687036391 -8.47075109671
23 462.32103394 -9.70578672856
24 473.766497396 -9.92868085264
25 385.246844121 -8.58482031528
26 392.259039576 -8.49551939693
27 402.810779109 -8.22956958693
28 424.233021059 -9.188865752
29 394.055688323 -8.38817475327
30 529.620490233 -9.70697305459
31 522.755966592 -10.4832793238
32 452.613711635 -9.48024011488
33 425.334239587 -9.23006345913
34 505.139841882 -10.3011313969
35 413.918718245 -8.98329149476
36 379.855803601 -8.13594600481
37 474.468032128 -10.5686121729
38 445.360895523 -9.11888392497
39 470.732616152 -9.81064973611
40 381.720331267 -8.34354958648
41 374.240930962 -8.16570059183
42 462.027797053 -9.48384670875
43 376.281656453 -8.39808830511
44 416.003407508 -8.57701322473
45 454.675942443 -9.5862563715
46 420.56280039 -8.72225186388
47 384.345559736 -8.28404823886
48 422.576883901 -8.64050950417
49 429.595723233 -9.35892555906
50 372.105109878 -8.30090518237
51 506.409277314 -10.7889620066
52 458.114377827 -9.71460903072
53 378.223706499 -8.38788588262
54 449.876415655 -9.11177151155
55 483.164890923 -10.4299366594
56 430.895857378 -8.67951418589
57 363.471846218 -8.19677473153
58 485.640508838 -9.72130174877
59 473.515690069 -10.1740345104
60 393.535227113 -8.79441839165
61 506.477751505 -10.9564031182
62 437.328217347 -9.13501230221
63 457.089630759 -9.58707176026
